busesWithBatts =

     3
     7
    11
    18
    22
    30
    34
    37
    41
    47
    50
    53
    58
    62
    67
    71
    75
    79
    84
    87
    92
    97
   101
   106
   111
   116