busesWithDERs =

     3
     9
    18
    26
    35
    41
    48
    53
    61
    67
    73
    79
    87
    94
   101
   108
   116